0.0136576
0.0305432
0.0502081
0.0802661
0.113862
0.150588
0.196797
0.246073
0.298533
0.359917
0.425509
0.494469
0.572666
0.65465
0.740296
0.834078
0.934351
1.03714
1.14798
1.26356
1.38298
1.51049
1.64105
1.77773
1.92102
2.0683
2.21925
2.37804
2.54129
2.70864
2.88492
3.06471
3.24879
3.44056
3.63709
3.83932
4.04907
4.26195
4.4803
4.70614
4.93581
5.17093
5.41208
5.65863
5.91068
6.16933
6.43283
6.70003
6.9743
7.25357
7.53765
7.82888
8.12455
8.42516
8.73286
9.04556
9.36521
9.68969
10.0187
10.3529
10.694
11.0397
11.3905
11.748
12.1104
12.4776
12.8512
13.2295
13.613
14.0034
14.3985
14.7985
15.2048
15.6162
16.0332
16.4561
16.8845
17.3299
17.7806
18.2319
18.6823
19.1397
19.6017
20.0689
20.5422
21.0205
21.5039
21.994
22.489
22.989
23.4955
24.0071
24.524
25.0486
25.576
26.1102
26.6495
27.1936
27.7445
28.3052
