0.00631412
0.013205
0.0204138
0.0321013
0.0445177
0.0576058
0.0765945
0.0953957
0.114474
0.13932
0.164736
0.190937
0.221673
0.253062
0.284612
0.321505
0.358964
0.396708
0.439605
0.483053
0.527052
0.576187
0.625716
0.675694
0.730996
0.786944
0.843835
0.905822
0.967763
1.02994
1.09746
1.16543
1.23408
1.32064
1.39925
1.47858
1.56225
1.65261
1.75322
1.84693
1.955
2.05158
2.16361
2.27195
2.38643
2.50238
2.61198
2.73211
2.8574
2.9827
3.11057
3.24026
3.37441
3.50082
3.63546
3.78063
3.91773
4.05537
4.20936
4.34791
4.51044
4.65937
4.81765
4.97903
5.14157
5.30589
5.47405
5.64423
5.81599
5.98599
6.16398
6.3464
6.52793
6.71151
6.89522
7.07429
7.27326
7.46844
7.65623
7.86229
8.07001
8.27412
8.48311
8.68981
8.90389
9.11438
9.32276
9.54827
9.77115
9.98712
10.2087
10.4338
10.6653
10.9023
11.1389
11.3723
11.6128
11.8502
12.0958
12.3415
